Call: 
betaMPT(eqnfile = "model/2htsm.eqn", data = "data/data_retrieval.csv", 
    restrictions = "model/restrictions.txt", transformedParameters = list("deltaDd=D1-d1"), 
    n.iter = 50000, n.adapt = 10000, n.burnin = 10000, n.thin = 10, 
    n.chains = 4, dic = TRUE, ppp = 5000, modelfilename = "results/2htsm_betaMPT.jags", 
    parEstFile = "results/results_retrieval_betaMPT.txt")

Group-level means of MPT parameters:
         Mean    SD  2.5%   50% 97.5% Time-series SE n.eff  Rhat R_95%
mean_a  0.767 0.046 0.667 0.770 0.848          0.000 15745 1.000 1.002
mean_b  0.524 0.034 0.456 0.524 0.590          0.000 16760 1.000 1.001
mean_d1 0.188 0.080 0.048 0.181 0.365          0.002  2777 1.002 1.007
mean_D1 0.329 0.036 0.258 0.329 0.401          0.000 15653 1.000 1.001

Standard deviation of parameters across individuals:
       Mean    SD  2.5%   50% 97.5% Time-series SE n.eff  Rhat R_95%
sd_a  0.223 0.034 0.162 0.220 0.298          0.000 13254 1.001 1.002
sd_b  0.139 0.023 0.099 0.138 0.188          0.000  4503 1.001 1.002
sd_d1 0.188 0.088 0.050 0.183 0.367          0.003   907 1.004 1.013
sd_D1 0.134 0.028 0.086 0.132 0.194          0.000  3172 1.001 1.004

Alpha parameters of beta distributions:
          Mean    SD  2.5%   50%  97.5% Time-series SE n.eff  Rhat R_95%
alpha_a  2.091 0.725 0.939 1.996  3.798          0.007 11644 1.001 1.002
alpha_b  6.741 2.577 3.065 6.332 12.949          0.044  3476 1.002 1.002
alpha_d1 1.176 1.823 0.070 0.547  6.075          0.089   415 1.027 1.036
alpha_D1 4.246 2.163 1.509 3.784  9.601          0.046  2172 1.001 1.003

Beta parameters of beta distributions:
         Mean    SD  2.5%   50%  97.5% Time-series SE n.eff  Rhat R_95%
beta_a  0.616 0.194 0.313 0.591  1.066          0.002 10144 1.001 1.002
beta_b  6.114 2.318 2.796 5.744 11.612          0.039  3471 1.002 1.002
beta_d1 5.797 8.053 0.315 2.521 29.642          0.326   611 1.003 1.006
beta_D1 8.650 4.263 3.213 7.761 19.136          0.090  2226 1.001 1.003


##############
 Model fit statistics (posterior predictive p-values):
 T1.observed T1.predicted         p.T1  T2.observed T2.predicted         p.T2 
       0.276        0.224        0.380       37.088       24.916        0.238 

T1 per person:
    1     2     3     4     5     6     7     8     9    10    11    12    13    14    15    16    17 
0.602 0.344 0.503 0.556 0.270 0.329 0.679 0.664 0.469 0.513 0.583 0.515 0.332 0.560 0.671 0.459 0.509 
   18    19    20    21    22    23    24 
0.522 0.520 0.427 0.151 0.710 0.615 0.719 
Mean deviance:  493.2 
penalty 381.2 
Penalized deviance: 874.4 


Transformed parameters:
         Mean   SD   2.5%   50% 97.5% Time-series SE n.eff  Rhat R_95%
deltaDd 0.141 0.09 -0.053 0.147   0.3          0.002  3538 1.003 1.008


#################################
#### Individual Parameter Estimates
Parameter  a 
    Statistic
ID        Mean         SD      2.5%       50%     97.5% Time-series SE n.eff      Rhat     R_95%
  1  0.9091454 0.05755111 0.7739351 0.9184120 0.9903115   0.0005572276 10667 1.0002169 1.0008936
  2  0.7284813 0.08440999 0.5490019 0.7334640 0.8787968   0.0006711901 15816 1.0004333 1.0015472
  3  0.8884012 0.04813302 0.7800017 0.8942750 0.9644947   0.0003805250 16000 1.0004842 1.0013872
  4  0.3022855 0.07690630 0.1602260 0.2995875 0.4595987   0.0006241416 15183 1.0000697 1.0003011
  5  0.4412212 0.07700990 0.2932179 0.4409405 0.5933681   0.0006397531 14490 1.0000831 1.0004063
  6  0.6992912 0.07824534 0.5355080 0.7034155 0.8399004   0.0006337577 15243 1.0001883 1.0007590
  7  0.7593663 0.09124909 0.5630537 0.7664155 0.9159373   0.0007301563 15618 1.0005013 1.0008496
  8  0.9834941 0.02097478 0.9258692 0.9912305 0.9999800   0.0001934577 11755 1.0003717 1.0011125
  9  0.9240380 0.04443389 0.8170594 0.9321120 0.9860341   0.0003490841 16202 0.9998870 0.9999670
  10 0.9596684 0.03137378 0.8783472 0.9673925 0.9967901   0.0002498654 15766 1.0003836 1.0014694
  11 0.3498624 0.10371277 0.1555999 0.3472225 0.5600928   0.0008268232 15734 0.9999882 1.0000531
  12 0.5571035 0.09179195 0.3783522 0.5583615 0.7329057   0.0007465721 15117 0.9998862 0.9999309
  13 0.9836886 0.02086485 0.9262058 0.9914030 0.9999820   0.0001976934 11139 1.0004295 1.0009127
  14 0.9652439 0.02696862 0.8947438 0.9718250 0.9972500   0.0002161089 15573 1.0002870 1.0009147
  15 0.7085816 0.09236340 0.5157446 0.7127145 0.8737026   0.0007468847 15293 1.0002098 1.0009159
  16 0.9302242 0.04687906 0.8182709 0.9384825 0.9935676   0.0004343634 11648 1.0012668 1.0033765
  17 0.5556042 0.11462800 0.3285555 0.5565895 0.7761754   0.0009130590 15761 1.0001153 1.0002539
  18 0.8296544 0.05364971 0.7145173 0.8342160 0.9217893   0.0004333500 15327 1.0000212 1.0003191
  19 0.6605443 0.09586003 0.4644951 0.6637445 0.8360744   0.0007533801 16190 1.0001993 1.0007143
  20 0.9670184 0.04166328 0.8492518 0.9826190 0.9999650   0.0003845204 11740 1.0002187 1.0007356
  21 0.3256146 0.09345332 0.1496025 0.3233975 0.5096782   0.0009007156 10765 1.0002276 1.0010536
  22 0.9775979 0.02835709 0.8970216 0.9882510 0.9999790   0.0002630170 11624 1.0009426 1.0018169
  23 0.8680757 0.05273326 0.7495691 0.8742820 0.9533082   0.0004144395 16190 1.0001186 1.0006609
  24 0.9822729 0.02252785 0.9186968 0.9905975 0.9999820   0.0002081367 11715 0.9998524 0.9998572
Parameter  b 
    Statistic
ID        Mean         SD      2.5%       50%     97.5% Time-series SE n.eff      Rhat     R_95%
  1  0.4400524 0.09479589 0.2572185 0.4392435 0.6252046   0.0007591205 15594 1.0000211 1.0003851
  2  0.4436735 0.06873441 0.3087420 0.4435255 0.5787588   0.0005476020 15755 0.9999283 1.0000878
  3  0.6716450 0.06109792 0.5464911 0.6730700 0.7863265   0.0004995957 14956 1.0000479 1.0004119
  4  0.6182634 0.07096705 0.4756215 0.6195470 0.7526822   0.0005746555 15251 1.0000748 1.0003744
  5  0.6517971 0.07052826 0.5111876 0.6534365 0.7850339   0.0005698521 15318 0.9999859 1.0000859
  6  0.5639508 0.08016022 0.4037448 0.5654115 0.7189240   0.0006337222 16000 1.0001130 1.0002110
  7  0.3489490 0.07660515 0.2033607 0.3478810 0.5036379   0.0006729337 12959 1.0006770 1.0017484
  8  0.5710888 0.08472225 0.4029146 0.5710500 0.7352393   0.0006660933 16178 0.9999687 1.0001033
  9  0.5115221 0.08325968 0.3458729 0.5123340 0.6721111   0.0006644422 15702 1.0012422 1.0041804
  10 0.6123853 0.07431205 0.4642444 0.6135720 0.7555790   0.0005880214 15971 1.0001389 1.0003952
  11 0.4080560 0.08525924 0.2470821 0.4069285 0.5763030   0.0007055380 14603 0.9999604 1.0001793
  12 0.4362956 0.07875368 0.2848469 0.4362085 0.5911869   0.0006327077 15493 1.0002595 1.0009165
  13 0.5886626 0.08187560 0.4276407 0.5896550 0.7448221   0.0006571321 15524 1.0001566 1.0006531
  14 0.6870450 0.06540384 0.5561646 0.6888295 0.8102501   0.0005310545 15168 0.9998583 0.9998931
  15 0.3927538 0.07109672 0.2566997 0.3922095 0.5334966   0.0005715237 15475 1.0001070 1.0005806
  16 0.6868643 0.08216041 0.5209944 0.6888955 0.8408889   0.0006882883 14249 1.0000201 1.0000998
  17 0.4036282 0.08535461 0.2410212 0.4018345 0.5744606   0.0006925908 15188 1.0004576 1.0016782
  18 0.7102576 0.05906225 0.5914856 0.7117690 0.8209505   0.0004998817 13960 1.0002062 1.0009049
  19 0.4231485 0.07118188 0.2852796 0.4224585 0.5651153   0.0005726154 15453 1.0004189 1.0014879
  20 0.2817693 0.06079145 0.1680839 0.2800250 0.4054056   0.0005287013 13221 0.9999328 1.0000611
  21 0.6251185 0.07528645 0.4740139 0.6258740 0.7682941   0.0006148343 14994 1.0000829 1.0004877
  22 0.3965723 0.07104551 0.2585021 0.3958715 0.5374081   0.0005953627 14240 0.9999947 1.0001256
  23 0.6115781 0.06547076 0.4832282 0.6114230 0.7385407   0.0005258229 15503 1.0004489 1.0016723
  24 0.5080916 0.06832794 0.3735530 0.5083255 0.6393302   0.0005354157 16286 1.0001266 1.0006531
Parameter  d1 
    Statistic
ID         Mean         SD         2.5%        50%     97.5% Time-series SE n.eff     Rhat    R_95%
  1  0.12331928 0.12123350 2.368859e-09 0.09517110 0.4157430    0.002144466  3196 1.002849 1.008449
  2  0.21723154 0.23139820 9.147355e-09 0.14701850 0.8800717    0.003072771  5671 1.001924 1.006067
  3  0.18330482 0.20885756 4.949895e-10 0.11779450 0.8078625    0.002858917  5337 1.003473 1.008618
  4  0.26298625 0.25355534 9.656281e-10 0.19042600 0.9232886    0.003877065  4277 1.000794 1.001285
  5  0.17193828 0.19601823 5.363477e-09 0.10889500 0.7363924    0.002410809  6611 1.001427 1.003655
  6  0.16738826 0.17913315 3.198413e-11 0.11680700 0.6420510    0.002293565  6100 1.002983 1.008927
  7  0.18140187 0.18700482 4.273461e-10 0.13148300 0.6738607    0.002487875  5650 1.000850 1.002921
  8  0.06572361 0.08424976 2.428581e-09 0.03270075 0.2903789    0.002248460  1404 1.004583 1.012042
  9  0.06295913 0.08066598 1.444405e-10 0.02946220 0.2811914    0.002277029  1255 1.007506 1.018394
  10 0.07902694 0.09962937 9.391065e-11 0.04161225 0.3408309    0.002370784  1766 1.003385 1.009222
  11 0.28006122 0.23668316 1.998147e-06 0.23099800 0.8592058    0.003168475  5580 1.000982 1.002041
  12 0.11586454 0.13341326 1.440192e-10 0.07307855 0.4589040    0.002549195  2739 1.002935 1.008448
  13 0.07216001 0.09164704 1.077617e-09 0.03570010 0.3172915    0.002279100  1617 1.002925 1.008142
  14 0.09664068 0.12548029 8.291885e-10 0.05183815 0.4209626    0.002418904  2691 1.001483 1.003977
  15 0.24772554 0.24251670 6.508944e-07 0.17852650 0.8988612    0.003199329  5746 1.000459 1.000859
  16 0.23379883 0.19101683 1.190801e-06 0.20012400 0.7211821    0.002304756  6869 1.001309 1.003109
  17 0.42830408 0.27845537 2.791664e-03 0.39789250 0.9800644    0.006482722  1845 1.002406 1.006814
  18 0.16450529 0.19777870 6.427755e-09 0.09842290 0.7539242    0.002503728  6240 1.002725 1.005657
  19 0.34949021 0.29501141 5.793596e-06 0.27065800 0.9820609    0.005316600  3079 1.002936 1.006656
  20 0.11271625 0.14154191 3.035751e-09 0.06202990 0.4993704    0.002319113  3725 1.001327 1.003415
  21 0.57339751 0.30227250 2.605745e-02 0.60669700 0.9976480    0.009219225  1075 1.005141 1.015899
  22 0.08730187 0.11184467 3.146475e-09 0.04551100 0.3797475    0.002332630  2299 1.003578 1.008771
  23 0.12489142 0.15394799 1.513359e-08 0.07268680 0.5479232    0.002249154  4685 1.001993 1.005967
  24 0.09600433 0.12206728 1.315951e-09 0.05184565 0.4190718    0.002383872  2622 1.001820 1.005587
Parameter  D1 
    Statistic
ID        Mean         SD       2.5%       50%     97.5% Time-series SE n.eff      Rhat     R_95%
  1  0.5356722 0.09550789 0.34632900 0.5378110 0.7165664   0.0009707370  9680 1.0004844 1.0016512
  2  0.2482708 0.08409811 0.08881154 0.2475255 0.4133691   0.0007184724 13701 1.0002091 1.0009819
  3  0.1654077 0.07173696 0.03848741 0.1612990 0.3177979   0.0007943849  8155 1.0004172 1.0015462
  4  0.2978245 0.08657745 0.13227042 0.2968160 0.4712164   0.0007015439 15230 0.9999814 0.9999851
  5  0.2878511 0.08709480 0.11768088 0.2869515 0.4614154   0.0007118620 14969 1.0003371 1.0013372
  6  0.4063301 0.09267093 0.22556457 0.4063035 0.5869699   0.0007384431 15749 1.0000023 1.0002290
  7  0.3601982 0.09077765 0.18344175 0.3594720 0.5385990   0.0007090273 16392 0.9999913 1.0001763
  8  0.4410395 0.09596780 0.25226493 0.4427530 0.6280035   0.0008062529 14168 1.0005424 1.0019673
  9  0.4224561 0.09521089 0.23718528 0.4226300 0.6091849   0.0008303415 13148 1.0001837 1.0007027
  10 0.3358218 0.09207367 0.15657470 0.3356985 0.5170161   0.0007478007 15160 0.9999681 1.0002479
  11 0.4520845 0.09299535 0.26862557 0.4523520 0.6343724   0.0008047098 13355 1.0001529 1.0008183
  12 0.3829382 0.09246687 0.20149573 0.3834755 0.5609427   0.0007354640 15807 1.0001685 1.0008019
  13 0.4209926 0.09482759 0.23524130 0.4221135 0.6056075   0.0007496779 16000 1.0005813 1.0019095
  14 0.2282583 0.08410339 0.06981132 0.2264730 0.3951491   0.0008102235 10775 1.0011005 1.0034376
  15 0.2949491 0.08825541 0.12445945 0.2938765 0.4671898   0.0007018781 15811 1.0000371 1.0004246
  16 0.4465100 0.09185590 0.26544023 0.4474095 0.6224265   0.0007580790 14682 1.0005799 1.0020161
  17 0.4595253 0.09082176 0.28477488 0.4590995 0.6372921   0.0008118475 12515 1.0000394 1.0003777
  18 0.1479944 0.06854115 0.03063677 0.1427240 0.2953186   0.0008184054  7014 1.0005463 1.0018933
  19 0.2749426 0.08431110 0.11274147 0.2747810 0.4394417   0.0006904718 14910 1.0000231 1.0001565
  20 0.1715831 0.07400920 0.04066624 0.1682055 0.3240065   0.0007868423  8847 1.0005327 1.0019167
  21 0.3677085 0.08662589 0.19366265 0.3684475 0.5361695   0.0007899930 12024 1.0002494 1.0009235
  22 0.2817443 0.08936154 0.10809540 0.2813400 0.4563474   0.0007326686 14876 1.0002461 1.0010086
  23 0.2224352 0.08247006 0.06763247 0.2207750 0.3861608   0.0007478758 12160 1.0004110 1.0015470
  24 0.2373279 0.08545364 0.07487512 0.2363965 0.4064104   0.0007587267 12685 1.0003033 1.0011417


#################################
#### Transformed Parameters (Group level)
             Mean         SD        2.5%      50%     97.5% Time-series SE n.eff     Rhat    R_95%
deltaDd 0.1405522 0.08991239 -0.05269482 0.146932 0.3002248    0.001511613  3538 1.002707 1.008283


#################################
#### Model information
$model
[1] "betaMPT"

$thetaNames
  Parameter theta
1         a     1
2         b     2
3        d1     3
4        D1     4
5        d2     3
6        D2     4
7        D3     4
8         g     1

$thetaUnique
[1] "a"  "b"  "d1" "D1"

$thetaFixed
NULL

$MPT
  Tree Category
1  T_E       EE
2  T_E       EN
3  T_E       EU
4  T_N       NE
5  T_N       NN
6  T_N       NU
7  T_U       UE
8  T_U       UN
9  T_U       UU
                                                                                                 Equation
1         theta[4,n]*theta[3,n]+theta[4,n]*(1-theta[3,n])*theta[1,n]+(1-theta[4,n])*theta[2,n]*theta[1,n]
2                                                                           (1-theta[4,n])*(1-theta[2,n])
3                       theta[4,n]*(1-theta[3,n])*(1-theta[1,n])+(1-theta[4,n])*theta[2,n]*(1-theta[1,n])
4                                                                    (1-theta[4,n])*theta[2,n]*theta[1,n]
5                                                                theta[4,n]+(1-theta[4,n])*(1-theta[2,n])
6                                                                (1-theta[4,n])*theta[2,n]*(1-theta[1,n])
7                               theta[4,n]*(1-theta[3,n])*theta[1,n]+(1-theta[4,n])*theta[2,n]*theta[1,n]
8                                                                           (1-theta[4,n])*(1-theta[2,n])
9 theta[4,n]*theta[3,n]+theta[4,n]*(1-theta[3,n])*(1-theta[1,n])+(1-theta[4,n])*theta[2,n]*(1-theta[1,n])
                                   Eqn
1         D1*d1+D1*(1-d1)*a+(1-D1)*b*g
2                         (1-D1)*(1-b)
3       D1*(1-d1)*(1-a)+(1-D1)*b*(1-g)
4                           (1-D3)*b*g
5                      D3+(1-D3)*(1-b)
6                       (1-D3)*b*(1-g)
7               D2*(1-d2)*a+(1-D2)*b*g
8                         (1-D2)*(1-b)
9 D2*d2+D2*(1-d2)*(1-a)+(1-D2)*b*(1-g)

$eqnfile
[1] "model/2htsm.eqn"

$data
   EE EN EU NE NN NU UE UN UU
1  12  3  1  4 28  0 10  4  2
2   8  5  3  9 21  2  3 10  3
3   9  6  1 20 10  2 10  4  2
4   5  4  7  5 17 10  1  4 11
5   4  6  6  8 16  8  5  1 10
6  11  1  4  7 22  3  6  6  4
7   8  6  2  4 27  1  5  8  3
8  13  3  0  9 23  0 13  3  0
9  10  5  1  7 24  1 13  3  0
10 12  4  0 12 19  1 13  3  0
11  6  5  5  1 27  4  2  5  9
12  6  6  4  2 25  5  7  5  4
13 15  1  0 10 22  0 11  5  0
14 12  4  0 18 13  1 13  3  0
15  7  8  1  5 24  3  5  7  4
16 15  1  0 11 20  1 11  2  3
17  9  5  2  2 27  3  3  5  8
18  9  5  2 20  8  4 10  4  2
19  8  7  1  6 22  4  3  8  5
20  3 13  0  7 25  0  6 10  0
21 10  3  3  4 17 11  0  4 12
22  8  8  0  8 24  0  9  7  0
23  9  6  1 14 15  3 11  4  1
24  9  7  0 13 19  0 10  6  0

$restrictions
[1] "model/restrictions.txt"

$covData
NULL

$corProbit
[1] FALSE

$predTable
NULL

$predFactorLevels
NULL

$predType
NULL

$transformedParameters
[1] "deltaDd"

$hyperprior
$hyperprior$alpha
             a              b             d1             D1 
"dgamma(1,.1)" "dgamma(1,.1)" "dgamma(1,.1)" "dgamma(1,.1)" 

$hyperprior$beta
             a              b             d1             D1 
"dgamma(1,.1)" "dgamma(1,.1)" "dgamma(1,.1)" "dgamma(1,.1)" 


